1763828576328 0.0 0
1763828576353 1.0 1
1763828584496 2.0 2
1763828584519 3.0 3
1763828591951 4.0 4
1763828600193 5.0 5
1763828600222 6.0 6
1763828608449 7.0 7
1763828615786 8.0 8
1763828615814 9.0 9
1763828623454 10.0 10
1763828623483 11.0 11
1763828624588 12.0 12
1763828624610 13.0 13
1763828632325 14.0 14
1763828632347 15.0 15
1763828632366 16.0 16
1763828632387 17.0 17
1763828640478 18.0 18
1763828676518 19.0 19
1763828692639 20.0 20
1763828692663 21.0 21
1763828692687 22.0 22
1763828701399 23.0 23
1763828711512 24.0 24
1763828721706 25.0 25
1763828729951 26.0 26
1763828738095 27.0 27
1763828746209 28.0 28
1763828746229 29.0 29
1763828746251 30.0 30
1763828755984 31.0 31
1763828764696 32.0 32
1763828773361 33.0 33
1763828793863 34.0 34
1763828793916 35.0 35
1763828802768 36.0 36
1763828812301 37.0 37
1763828812317 38.0 38
1763828812333 39.0 39
1763828823669 40.0 40
1763828823688 41.0 41
1763828823704 42.0 42
1763828832003 43.0 43
1763828839362 44.0 44
1763828839391 45.0 45
1763828839409 46.0 46
1763828847441 47.0 47
1763828856622 48.0 48
1763828865208 49.0 49
1763828865243 50.0 50
1763828865267 51.0 51
1763828865289 52.0 52
1763828872390 53.0 53
1763828880093 54.0 54
1763828880111 55.0 55
1763828887589 56.0 56
1763828896367 57.0 57
1763828896392 58.0 58
1763828906778 59.0 59
1763828906804 60.0 60
1763828906832 61.0 61
1763828913999 62.0 62
1763828944209 63.0 63
1763828944237 64.0 64
1763828944259 65.0 65
1763828955202 66.0 66
1763828964519 67.0 67
1763828977505 68.0 68
1763828991927 69.0 69
1763829001022 70.0 70
1763829009376 71.0 71
1763829016763 72.0 72
1763829016791 73.0 73
1763829016813 74.0 74
1763829032118 75.0 75
1763829032135 76.0 76
1763829032153 77.0 77
1763829042261 78.0 78
1763829042283 79.0 79
1763829051001 80.0 80
1763829051025 81.0 81
1763829060384 82.0 82
1763829072729 83.0 83
1763829080980 84.0 84
1763829091183 85.0 85
1763829091204 86.0 86
1763829091223 87.0 87
1763829091241 88.0 88
1763829101806 89.0 89
1763829109777 90.0 90
1763829109796 91.0 91
1763829118809 92.0 92
1763829127205 93.0 93
1763829137930 94.0 94
1763829149500 95.0 95
1763829158223 96.0 96
1763829166739 97.0 97
1763829166750 98.0 98
1763829176110 99.0 99
1763829176130 100.0 100
1763829176151 101.0 101
1763829186126 102.0 102
1763829194553 103.0 103
1763829194568 104.0 104
1763829203021 105.0 105
1763829212030 106.0 106
1763829212054 107.0 107
1763829222589 108.0 108
1763829222609 109.0 109
1763829232820 110.0 110
1763829239795 111.0 111
1763829248362 112.0 112
1763829255236 113.0 113
1763829262948 114.0 114
1763829270560 115.0 115
1763829270582 116.0 116
1763829279365 117.0 117
1763829279392 118.0 118
1763829279413 119.0 119
1763829279430 120.0 120
1763829279448 121.0 121
1763829287695 122.0 122
1763829287707 123.0 123
1763829298017 124.0 124
1763829298034 125.0 125
1763829305437 126.0 126
1763829312553 127.0 127
1763829321300 128.0 128
1763829330865 129.0 129
1763829330885 130.0 130
1763829330905 131.0 131
1763829340258 132.0 132
1763829347792 133.0 133
1763829355717 134.0 134
1763829365147 135.0 135
1763829365169 136.0 136
1763829373210 137.0 137
1763829381824 138.0 138
1763829390152 139.0 139
1763829399144 140.0 140
1763829417436 141.0 141
1763829419711 142.0 142
1763829431330 143.0 143
1763829443417 144.0 144
1763829457980 145.0 145
1763829459860 146.0 146
1763829462301 147.0 147
1763829466115 148.0 148
1763829467818 149.0 149
