1763828584487 1.0 1
1763828591939 2.0 3
1763828600185 1.0 4
1763828608438 2.5 6
1763828615776 2.0 7
1763828623447 2.0 9
1763828632317 1.0 13
1763828640469 2.0 17
1763828676510 2.0 18
1763828692631 2.0 19
1763828701391 1.0 22
1763828711502 2.3333333333333335 23
1763828721696 2.0 24
1763828729942 2.0 25
1763828738086 2.5 26
1763828746200 2.5 27
1763828755975 2.0 30
1763828764688 1.5 31
1763828773353 2.0 32
1763828782539 3.0 33
1763828802757 2.5 35
1763828812294 2.5 36
1763828823660 1.0 39
1763828831995 1.0 42
1763828839351 2.0 43
1763828847432 2.0 46
1763828856613 2.0 47
1763828865189 2.0 48
1763828872383 1.0 52
1763828880085 1.0 53
1763828887583 2.0 55
1763828896358 2.5 56
1763828906767 2.0 58
1763828913991 2.0 61
1763828925957 1.0 62
1763828955191 2.0 65
1763828964509 2.0 66
1763828977497 2.5 67
1763828991920 2.5 68
1763829001015 1.0 69
1763829009367 2.5 70
1763829016751 2.0 71
1763829032111 2.0 74
1763829042253 2.0 77
1763829050993 2.0 79
1763829060376 2.0 81
1763829072721 2.0 82
1763829080960 2.5 83
1763829091175 2.0 84
1763829101797 2.0 88
1763829109769 2.0 89
1763829118799 2.0 91
1763829127194 1.0 92
1763829137920 2.0 93
1763829149491 2.0 94
1763829158213 2.3333333333333335 95
1763829166732 2.0 96
1763829176102 2.5 98
1763829186117 2.5 101
1763829194545 1.0 102
1763829203015 2.0 104
1763829212019 2.0 105
1763829222581 1.5 107
1763829232812 1.0 109
1763829239788 2.0 110
1763829248356 2.0 111
1763829255224 2.5 112
1763829262939 2.0 113
1763829270551 2.0 114
1763829279357 2.0 116
1763829287689 2.0 121
1763829298008 2.5 123
1763829305430 2.0 125
1763829312545 2.0 126
1763829321288 1.0 127
1763829330855 2.5 128
1763829340249 2.0 131
1763829347779 2.0 132
1763829355708 2.0 133
1763829365135 2.0 134
1763829373201 1.5 136
1763829381819 2.0 137
1763829390144 1.0 138
1763829399134 2.0 139
1763829407000 3.0 140
1763829431315 1.0 142
1763829443409 2.0 143
1763829457971 2.0 144
1763829480524 1.0 149
