1763828576353 0.0 1
1763828584496 0.0 2
1763828584519 0.0 3
1763828591951 0.0 4
1763828600193 0.0 5
1763828600222 0.0 6
1763828608449 0.0 7
1763828615786 0.0 8
1763828615814 0.0 9
1763828623454 0.0 10
1763828623483 0.0 11
1763828624588 0.0 12
1763828624610 0.0 13
1763828632325 0.0 14
1763828632347 0.0 15
1763828632366 0.0 16
1763828632387 0.0 17
1763828640478 0.0 18
1763828676518 0.0 19
1763828692639 0.0 20
1763828692663 0.0 21
1763828692687 0.0 22
1763828701399 0.0 23
1763828711512 0.0 24
1763828721706 0.0 25
1763828729951 0.0 26
1763828738095 0.0 27
1763828746209 0.0 28
1763828746229 0.0 29
1763828746251 0.0 30
1763828755984 0.0 31
1763828764696 0.0 32
1763828773361 0.0 33
1763828793863 0.0 34
1763828793916 0.0 35
1763828802768 0.0 36
1763828812301 0.0 37
1763828812317 0.0 38
1763828812333 0.0 39
1763828823669 0.0 40
1763828823688 0.0 41
1763828823704 0.0 42
1763828832003 0.0 43
1763828839362 0.0 44
1763828839391 0.0 45
1763828839409 0.0 46
1763828847441 0.0 47
1763828856622 0.0 48
1763828865208 0.0 49
1763828865243 0.0 50
1763828865267 0.0 51
1763828865289 0.0 52
1763828872390 0.0 53
1763828880093 0.0 54
1763828880111 0.0 55
1763828887589 0.0 56
1763828896367 0.0 57
1763828896392 0.0 58
1763828906778 0.0 59
1763828906804 0.0 60
1763828906832 0.0 61
1763828913999 0.0 62
1763828944209 0.0 63
1763828944237 0.0 64
1763828944259 0.0 65
1763828955202 0.0 66
1763828964519 0.0 67
1763828977505 0.0 68
1763828991927 0.0 69
1763829001022 0.0 70
1763829009376 0.0 71
1763829016763 0.0 72
1763829016791 0.0 73
1763829016813 0.0 74
1763829032118 0.0 75
1763829032135 0.0 76
1763829032153 0.0 77
1763829042261 0.0 78
1763829042283 0.0 79
1763829051001 0.0 80
1763829051025 0.0 81
1763829060384 0.0 82
1763829072729 0.0 83
1763829080980 0.0 84
1763829091183 0.0 85
1763829091204 0.0 86
1763829091223 0.0 87
1763829091241 0.0 88
1763829101806 0.0 89
1763829109777 0.0 90
1763829109796 0.0 91
1763829118809 0.0 92
1763829127205 0.0 93
1763829137930 0.0 94
1763829149500 0.0 95
1763829158223 0.0 96
1763829166739 0.0 97
1763829166750 0.0 98
1763829176110 0.0 99
1763829176130 0.0 100
1763829176151 0.0 101
1763829186126 0.0 102
1763829194553 0.0 103
1763829194568 0.0 104
1763829203021 0.0 105
1763829212030 0.0 106
1763829212054 0.0 107
1763829222589 0.0 108
1763829222609 0.0 109
1763829232820 0.0 110
1763829239795 0.0 111
1763829248362 0.0 112
1763829255236 0.0 113
1763829262948 0.0 114
1763829270560 0.0 115
1763829270582 0.0 116
1763829279365 0.0 117
1763829279392 0.0 118
1763829279413 0.0 119
1763829279430 0.0 120
1763829279448 0.0 121
1763829287695 0.0 122
1763829287707 0.0 123
1763829298017 0.0 124
1763829298034 0.0 125
1763829305437 0.0 126
1763829312553 0.0 127
1763829321300 0.0 128
1763829330865 0.0 129
1763829330885 0.0 130
1763829330905 0.0 131
1763829340258 0.0 132
1763829347792 0.0 133
1763829355717 0.0 134
1763829365147 0.0 135
1763829365169 0.0 136
1763829373210 0.0 137
1763829381824 0.0 138
1763829390152 0.0 139
1763829399144 0.0 140
1763829417436 3.0 141
1763829419711 3.0 142
1763829431330 3.0 143
1763829443417 3.0 144
1763829457980 3.0 145
1763829459860 3.0 146
1763829462301 3.0 147
1763829466115 3.0 148
1763829467818 3.0 149
