1763828576377 1.0 1
1763828584542 2.0 3
1763828591980 1.0 4
1763828600253 2.5 6
1763828608474 2.0 7
1763828615834 2.0 9
1763828624633 1.0 13
1763828632437 2.0 17
1763828640506 2.0 18
1763828676536 2.5 19
1763828692711 1.0 22
1763828701421 2.3333333333333335 23
1763828711542 2.0 24
1763828721731 2.0 25
1763828729973 2.5 26
1763828738122 2.5 27
1763828746272 2.0 30
1763828756004 1.5 31
1763828764716 2.3333333333333335 32
1763828773378 2.0 33
1763828793945 2.5 35
1763828802785 2.5 36
1763828812344 1.0 39
1763828823724 1.0 42
1763828832029 2.0 43
1763828839428 2.5 46
1763828847461 2.0 47
1763828856651 2.0 48
1763828865310 1.0 52
1763828872407 1.0 53
1763828880128 2.0 55
1763828887603 2.5 56
1763828896413 2.0 58
1763828906851 2.3333333333333335 61
1763828914020 0.0 62
1763828944278 2.0 65
1763828955219 2.0 66
1763828964536 2.5 67
1763828977526 2.5 68
1763828991944 1.0 69
1763829001041 2.5 70
1763829009398 2.0 71
1763829016836 2.0 74
1763829032174 2.0 77
1763829042300 2.0 79
1763829051067 2.0 81
1763829060403 2.0 82
1763829072747 2.5 83
1763829081009 2.0 84
1763829091288 2.0 88
1763829101828 2.0 89
1763829109811 2.0 91
1763829118833 1.0 92
1763829127229 2.0 93
1763829137955 2.5 94
1763829149518 2.3333333333333335 95
1763829158243 2.0 96
1763829166760 2.5 98
1763829176178 2.5 101
1763829186154 1.0 102
1763829194589 2.0 104
1763829203041 2.0 105
1763829212082 1.5 107
1763829222630 2.0 109
1763829232848 2.0 110
1763829239814 2.0 111
1763829248373 2.5 112
1763829255269 2.0 113
1763829262974 2.0 114
1763829270600 2.3333333333333335 116
1763829279472 2.0 121
1763829287718 2.5 123
1763829298051 2.0 125
1763829305456 2.0 126
1763829312572 1.5 127
1763829321319 2.5 128
1763829330920 2.0 131
1763829340282 2.0 132
1763829347813 2.0 133
1763829355737 2.0 134
1763829365190 1.5 136
1763829373235 2.0 137
1763829381833 1.0 138
1763829390173 2.0 139
1763829399161 2.0 140
1763829421304 1.0 142
1763829432830 2.0 143
1763829445182 2.0 144
1763829469466 1.0 149
